Wavelength[nm]	Intensity[normalized]	Ret_Intensity[normalized]	Phase[rad]
450.03	0.00231303	0.48515584	2.36106703
450.49	0.00291018	0.42366725	2.42045375
450.95	0.00440582	0.30411670	2.33688637
451.41	0.00613880	0.24628468	2.44134052
451.88	0.00653358	0.21241149	2.59311270
452.34	0.00579246	0.18475651	2.70228123
452.80	0.00454196	0.16237046	2.75119058
453.26	0.00258318	0.14907711	2.70558422
453.72	0.00095781	0.14073040	2.58491711
454.18	0.00110424	0.12083656	2.50044161
454.64	0.00228911	0.08032012	2.52923093
455.10	0.00308634	0.04967529	2.56085881
455.56	0.00339157	0.06402828	2.47513389
456.02	0.00322377	0.08338257	2.46729501
456.48	0.00211564	0.07168936	2.80972999
456.94	0.00040540	0.04900751	3.26115528
457.41	0.00000000	0.04205114	3.50899874
457.87	0.00000000	0.04893504	3.55123567
458.33	0.00000000	0.04944534	3.55869339
458.79	0.00116620	0.03528264	3.60356691
459.25	0.00207204	0.01975060	3.59496582
459.71	0.00291251	0.01135361	3.40489080
460.17	0.00377302	0.00682809	3.30280396
460.63	0.00400662	0.00706882	3.70172259
461.09	0.00351633	0.01103736	4.23439099
461.55	0.00282675	0.01919739	4.32066335
462.01	0.00205641	0.02896166	3.91262085
462.47	0.00142419	0.03174521	3.57367330
462.93	0.00124293	0.01891405	3.66605908
463.39	0.00144527	0.00912614	3.79420452
463.85	0.00155476	0.02245922	3.66116924
464.31	0.00156345	0.04632932	3.46708360
464.77	0.00225097	0.07635359	3.40621906
465.23	0.00333592	0.10251276	3.46581624
465.69	0.00355331	0.10279616	3.50518656
466.15	0.00286624	0.05798164	3.44711841
466.61	0.00260553	0.01263072	3.44193966
467.07	0.00303844	0.01640198	3.73958804
467.53	0.00305254	0.03500251	4.04605634
467.99	0.00253978	0.03531297	3.94819719
468.45	0.00214561	0.01762418	3.51137925
468.91	0.00168055	0.00955047	3.26288564
469.37	0.00116928	0.03226766	3.63039056
469.83	0.00153677	0.05520543	4.07086547
470.29	0.00262782	0.05010526	4.15554006
470.75	0.00341080	0.03192163	4.05427724
471.21	0.00388814	0.01806838	3.96623717
471.67	0.00424819	0.01512535	3.96851014
472.13	0.00404410	0.01624011	4.01123369
472.59	0.00314786	0.02010120	4.12657698
473.05	0.00225382	0.02542802	4.25588929
473.51	0.00185310	0.03173346	4.33954370
473.97	0.00140479	0.03661611	4.39017930
474.43	0.00066981	0.03515068	4.46828713
474.89	0.00022452	0.02103485	4.61287422
475.35	0.00011662	0.00765938	4.77017455
475.81	0.00000000	0.00960244	4.91083653
476.27	0.00000000	0.01985483	4.99086051
476.73	0.00025479	0.02863809	4.89691125
477.19	0.00175676	0.03038487	4.56350546
477.65	0.00339993	0.02846310	4.26012113
478.11	0.00428171	0.02032422	4.36951786
478.57	0.00401644	0.01076649	4.59281500
479.03	0.00314780	0.00594125	4.55105409
479.49	0.00245839	0.00844069	4.14359738
479.95	0.00195368	0.01194928	3.85476836
480.41	0.00145079	0.00943684	4.35736747
480.87	0.00113460	0.00676613	5.07224232
481.33	0.00084865	0.01028218	5.51887371
481.79	0.00039376	0.02134006	5.49896933
482.24	0.00019766	0.03102514	5.26736220
482.70	0.00040181	0.02870992	4.87673723
483.16	0.00058416	0.02158872	4.43642029
483.62	0.00074238	0.01444506	4.09284696
484.08	0.00094773	0.00982439	3.92018750
484.54	0.00084793	0.00620758	3.82464377
485.00	0.00048877	0.00330819	3.62355073
485.46	0.00025738	0.00213641	3.58150930
485.92	0.00017600	0.00483073	4.11937073
486.38	0.00014285	0.01254357	5.46950999
486.84	0.00015444	0.01901689	6.69340394
487.30	0.00008165	0.01519325	6.65233442
487.75	0.00000000	0.00687094	5.91754455
488.21	0.00000000	0.00212620	5.24387145
488.67	0.00000000	0.00926312	5.29923853
489.13	0.00000000	0.01705018	5.42930384
489.59	0.00019249	0.01622069	5.23265542
490.05	0.00079296	0.00869956	4.79030349
490.51	0.00114403	0.00197205	4.41665700
490.97	0.00132221	0.00660758	4.57553924
491.43	0.00129746	0.01289074	4.81573473
491.88	0.00103173	0.01528519	4.90184859
492.34	0.00098737	0.01150446	4.70493155
492.80	0.00129034	0.00751799	4.40072210
493.26	0.00149964	0.00881736	4.02531057
493.72	0.00150671	0.01269535	3.61185790
494.18	0.00151299	0.01633994	3.20817374
494.64	0.00137940	0.01725062	2.88452893
495.10	0.00098350	0.01686540	2.57056961
495.55	0.00082688	0.01470931	2.19789529
496.01	0.00107482	0.01122815	1.77916045
496.47	0.00105678	0.00790970	1.41588702
496.93	0.00062853	0.00717082	1.25647219
497.39	0.00033466	0.00748595	1.19345403
497.85	0.00027179	0.00763588	1.16429276
498.30	0.00019047	0.00634762	1.11328480
498.76	0.00016374	0.00477268	1.00718773
499.22	0.00032193	0.00324067	0.74244692
499.68	0.00049426	0.00197371	0.33464860
500.14	0.00060703	0.00104884	-0.04925356
500.60	0.00069633	0.00031386	-0.18175876
501.06	0.00061967	0.00038434	-0.17911597
501.51	0.00057198	0.00200393	-0.13315982
501.97	0.00099757	0.00801574	-0.18943568
502.43	0.00164094	0.01383288	-0.23274645
502.89	0.00197493	0.01580096	-0.21527762
503.35	0.00202074	0.01150206	-0.10483945
503.80	0.00192870	0.00656617	-0.03818725
504.26	0.00173046	0.00599415	-0.24289645
504.72	0.00155835	0.00909365	-0.62037033
505.18	0.00146939	0.01201275	-0.90111351
505.64	0.00129223	0.00967889	-0.56563041
506.09	0.00096673	0.00567169	-0.04950332
506.55	0.00062033	0.00273518	0.31520132
507.01	0.00028491	0.00586072	-0.10143427
507.47	0.00003290	0.00994336	-0.67737453
507.93	0.00003094	0.01262773	-1.17632586
508.38	0.00022690	0.01160585	-1.34051006
508.84	0.00028389	0.00996919	-1.40335966
509.30	0.00009658	0.00934794	-1.42643197
509.76	0.00003254	0.01020528	-1.42538564
510.22	0.00031726	0.01133200	-1.37584005
510.67	0.00086227	0.01144901	-1.23681281
511.13	0.00152585	0.01132702	-1.04935256
511.59	0.00202162	0.01230352	-0.89454679
512.05	0.00214653	0.01831477	-0.87496718
512.50	0.00213147	0.02528585	-0.94377112
512.96	0.00214341	0.03008978	-1.07267048
513.42	0.00192694	0.02456849	-1.32517382
513.88	0.00139603	0.01679548	-1.56068793
514.33	0.00081739	0.01021526	-1.68158813
514.79	0.00042140	0.01067394	-1.47403863
515.25	0.00030800	0.01306401	-1.20467218
515.71	0.00041841	0.01619780	-1.00535571
516.16	0.00062040	0.01882443	-1.01381533
516.62	0.00083124	0.02094005	-1.08555039
517.08	0.00093400	0.02143957	-1.17078663
517.54	0.00095342	0.01972799	-1.24221050
517.99	0.00106072	0.01766445	-1.31352393
518.45	0.00129355	0.01661210	-1.39159268
518.91	0.00165485	0.01705746	-1.47058705
519.37	0.00206924	0.01796678	-1.51928650
519.82	0.00221935	0.01879214	-1.51135314
520.28	0.00206135	0.01949984	-1.44095669
520.74	0.00199950	0.02051578	-1.37062608
521.19	0.00216200	0.02215048	-1.35703067
521.65	0.00240399	0.02439991	-1.39726935
522.11	0.00262789	0.02709702	-1.45816737
522.57	0.00258652	0.03081507	-1.51631544
523.02	0.00226034	0.03482672	-1.57467129
523.48	0.00198254	0.03799020	-1.63912215
523.94	0.00179879	0.03852482	-1.72043789
524.39	0.00159343	0.03686477	-1.80595071
524.85	0.00150401	0.03391027	-1.88299266
525.31	0.00159127	0.02889017	-1.93205965
525.76	0.00168110	0.02349100	-1.95415525
526.22	0.00160526	0.01979745	-1.95809536
526.68	0.00143759	0.02279887	-1.92828167
527.14	0.00143218	0.02989231	-1.88720161
527.59	0.00153525	0.03726039	-1.85929559
528.05	0.00159824	0.04016921	-1.89048824
528.51	0.00174332	0.03958775	-1.95932120
528.96	0.00198198	0.03766597	-2.03554690
529.42	0.00215752	0.03530132	-2.08696447
529.88	0.00220923	0.03301311	-2.10285727
530.33	0.00217059	0.03120024	-2.12328975
530.79	0.00202127	0.03121572	-2.15805277
531.25	0.00168030	0.03280934	-2.21010110
531.70	0.00136407	0.03489257	-2.26481121
532.16	0.00145444	0.03658734	-2.31537194
532.62	0.00178783	0.03772180	-2.36473759
533.07	0.00191180	0.03878240	-2.41683889
533.53	0.00179823	0.04004975	-2.48341890
533.98	0.00164874	0.04154240	-2.57133772
534.44	0.00148657	0.04277721	-2.65132251
534.90	0.00139078	0.04327751	-2.71558463
535.35	0.00160772	0.04273137	-2.74461658
535.81	0.00207558	0.04192507	-2.76578567
536.27	0.00237972	0.04134939	-2.78009192
536.72	0.00226970	0.04169142	-2.80513675
537.18	0.00194740	0.04184320	-2.82141207
537.64	0.00169290	0.04126262	-2.84065964
538.09	0.00144096	0.03782793	-2.87364452
538.55	0.00117263	0.03474223	-2.90769415
539.00	0.00112837	0.03314251	-2.94576080
539.46	0.00133592	0.03844623	-2.97907787
539.92	0.00150129	0.04509019	-3.01059739
540.37	0.00151142	0.05080520	-3.04034154
540.83	0.00157071	0.04970747	-3.06930894
541.28	0.00166882	0.04504017	-3.09752152
541.74	0.00168022	0.03956565	-3.11132918
542.20	0.00179841	0.03571535	-3.09903484
542.65	0.00210084	0.03405393	-3.06944910
543.11	0.00234878	0.03415405	-3.04114803
543.56	0.00246426	0.03756504	-3.03661384
544.02	0.00245663	0.04473883	-3.07344581
544.48	0.00230712	0.05206630	-3.11455557
544.93	0.00211076	0.05720797	-3.15019838
545.39	0.00191019	0.05567277	-3.15305126
545.84	0.00179238	0.05287957	-3.14950204
546.30	0.00180050	0.05018415	-3.14250090
546.75	0.00178524	0.05250770	-3.14085732
547.21	0.00183338	0.05585542	-3.14263843
547.67	0.00208623	0.05876163	-3.13614562
548.12	0.00238990	0.05770421	-3.12042237
548.58	0.00261687	0.05412970	-3.09841827
549.03	0.00274350	0.05055244	-3.07405935
549.49	0.00281277	0.04919656	-3.04345904
549.94	0.00291910	0.05130563	-3.01933220
550.40	0.00300061	0.05462484	-2.98900296
550.85	0.00299166	0.05867538	-2.96225625
551.31	0.00296563	0.06300752	-2.93911129
551.77	0.00293251	0.06707562	-2.91763403
552.22	0.00289683	0.07037226	-2.89686690
552.68	0.00291962	0.07063013	-2.86901625
553.13	0.00293916	0.06953260	-2.83410084
553.59	0.00286837	0.06846170	-2.79311588
554.04	0.00279371	0.06945862	-2.73338457
554.50	0.00276777	0.07303944	-2.64711283
554.95	0.00276763	0.07686519	-2.56947524
555.41	0.00290886	0.08001088	-2.50830248
555.86	0.00321915	0.08008285	-2.49876891
556.32	0.00350871	0.07946186	-2.50866595
556.77	0.00353849	0.07860682	-2.51066772
557.23	0.00325463	0.07853609	-2.47256545
557.68	0.00289310	0.07908121	-2.41000179
558.14	0.00265763	0.08003081	-2.34447870
558.59	0.00259912	0.08163047	-2.29847457
559.05	0.00267280	0.08402491	-2.27688957
559.50	0.00275212	0.08642908	-2.26411596
559.96	0.00282543	0.08850913	-2.25528808
560.41	0.00289620	0.08877942	-2.22796205
560.87	0.00285489	0.08856876	-2.19680325
561.32	0.00280387	0.08836315	-2.16671136
561.78	0.00299715	0.08920839	-2.14453907
562.23	0.00333842	0.09116946	-2.13030304
562.69	0.00359080	0.09314861	-2.12499638
563.14	0.00375415	0.09472092	-2.12277619
563.60	0.00386166	0.09402151	-2.13049475
564.05	0.00401930	0.09315342	-2.13937930
564.51	0.00435144	0.09263956	-2.15725849
564.96	0.00468732	0.09409849	-2.16852340
565.42	0.00470187	0.09726035	-2.18295565
565.87	0.00431362	0.10080614	-2.19373520
566.33	0.00387627	0.10420031	-2.20576064
566.78	0.00374438	0.10627585	-2.21709458
567.24	0.00382994	0.10783141	-2.22091667
567.69	0.00393479	0.10886104	-2.23091433
568.14	0.00406991	0.10876703	-2.23733736
568.60	0.00421849	0.10796801	-2.24020111
569.05	0.00421230	0.10743625	-2.24928645
569.51	0.00403998	0.10778650	-2.26167886
569.96	0.00396769	0.11189180	-2.29008875
570.42	0.00418950	0.11642276	-2.32867171
570.87	0.00446415	0.12054940	-2.36377077
571.33	0.00442834	0.12188090	-2.39930702
571.78	0.00422202	0.12024375	-2.43041235
572.23	0.00417547	0.11800801	-2.45124205
572.69	0.00431345	0.11589480	-2.46864662
573.14	0.00454484	0.11701045	-2.46701552
573.60	0.00477530	0.11874671	-2.45515221
574.05	0.00490719	0.12028011	-2.44283663
574.50	0.00498516	0.12016623	-2.42520019
574.96	0.00518402	0.11731009	-2.41104610
575.41	0.00549213	0.11414381	-2.39355249
575.87	0.00572933	0.11133249	-2.37468645
576.32	0.00590359	0.11087293	-2.36325096
576.78	0.00605270	0.11204021	-2.34461140
577.23	0.00613612	0.11403799	-2.33245338
577.68	0.00610943	0.11663362	-2.31897806
578.14	0.00590676	0.11954778	-2.30029279
578.59	0.00571784	0.12264077	-2.28129387
579.04	0.00584187	0.12571438	-2.25515880
579.50	0.00621769	0.12816727	-2.21897123
579.95	0.00652791	0.12982438	-2.17469758
580.41	0.00663475	0.13148783	-2.12430416
580.86	0.00659324	0.13339943	-2.07171035
581.31	0.00653141	0.13683683	-2.02669481
581.77	0.00674029	0.14091837	-1.98145801
582.22	0.00724853	0.14485623	-1.94382537
582.68	0.00763052	0.14819687	-1.90599719
583.13	0.00759012	0.14932143	-1.87579874
583.58	0.00722555	0.14973236	-1.84347706
584.04	0.00678615	0.14964861	-1.81099788
584.49	0.00644710	0.14914520	-1.77153780
584.94	0.00636403	0.14833805	-1.72608585
585.40	0.00659326	0.14795274	-1.67758409
585.85	0.00697206	0.14840718	-1.62897455
586.30	0.00734672	0.15114456	-1.59980072
586.76	0.00760552	0.15590703	-1.58226228
587.21	0.00763797	0.16153666	-1.57051196
587.66	0.00750346	0.16766432	-1.56553838
588.12	0.00739134	0.17379925	-1.55758787
588.57	0.00734879	0.17971803	-1.55253172
589.02	0.00721629	0.18515206	-1.54549895
589.48	0.00690379	0.18979106	-1.54138416
589.93	0.00662055	0.19203967	-1.53922247
590.38	0.00671315	0.19349136	-1.54097865
590.84	0.00720637	0.19443302	-1.54373458
591.29	0.00756322	0.19525755	-1.55433772
591.74	0.00738716	0.19652683	-1.57768230
592.20	0.00708068	0.19787996	-1.60792033
592.65	0.00705051	0.19937873	-1.63822719
593.10	0.00719304	0.20103411	-1.66470788
593.56	0.00742909	0.20288818	-1.69030326
594.01	0.00767834	0.20515287	-1.71111820
594.46	0.00771647	0.20794780	-1.73790596
594.91	0.00754235	0.21268120	-1.76677127
595.37	0.00730065	0.21898199	-1.80065476
595.82	0.00695714	0.22460265	-1.83566104
596.27	0.00652670	0.22860859	-1.86789469
596.73	0.00628232	0.22689198	-1.89443676
597.18	0.00642641	0.22090294	-1.91920420
597.63	0.00685147	0.21386390	-1.93634825
598.08	0.00740234	0.20693950	-1.95662167
598.54	0.00794920	0.20399720	-1.96831622
598.99	0.00832686	0.20360581	-1.98316111
599.44	0.00848533	0.20420601	-1.99530735
599.90	0.00833895	0.20541505	-2.00867152
600.35	0.00803344	0.20633851	-2.02424047
600.80	0.00807141	0.20714986	-2.04690722
601.25	0.00848595	0.20789335	-2.06203349
601.71	0.00883508	0.20845339	-2.06962940
602.16	0.00898678	0.20760955	-2.05798624
602.61	0.00926045	0.20651931	-2.03590306
603.06	0.00970783	0.20587430	-2.00436636
603.52	0.00992850	0.20609906	-1.96533915
603.97	0.00994006	0.21004939	-1.93054999
604.42	0.01015573	0.21529315	-1.88926648
604.87	0.01061702	0.22058449	-1.84833427
605.33	0.01105167	0.22519839	-1.80483332
605.78	0.01136121	0.22498821	-1.76560918
606.23	0.01163420	0.22319907	-1.72871829
606.68	0.01186373	0.22148039	-1.69319357
607.13	0.01200041	0.22071614	-1.65513824
607.59	0.01197614	0.22448214	-1.61260854
608.04	0.01173634	0.23068989	-1.56659040
608.49	0.01153133	0.23819339	-1.52002279
608.94	0.01156210	0.24658007	-1.47389151
609.40	0.01175291	0.25574631	-1.42429950
609.85	0.01209975	0.26497291	-1.38004496
610.30	0.01252014	0.27357879	-1.33332446
610.75	0.01281911	0.28099884	-1.29000643
611.20	0.01289629	0.28468964	-1.24912329
611.66	0.01277825	0.28570223	-1.21361365
612.11	0.01262065	0.28565130	-1.17567391
612.56	0.01255208	0.28507923	-1.14312540
613.01	0.01261098	0.28515732	-1.11011753
613.46	0.01275288	0.28610688	-1.07275280
613.92	0.01294477	0.28752519	-1.04471176
614.37	0.01324379	0.28953951	-1.02014369
614.82	0.01361964	0.29296164	-1.00979937
615.27	0.01394656	0.29797596	-1.01271078
615.72	0.01407676	0.30314042	-1.02302704
616.17	0.01395156	0.30799404	-1.03685037
616.63	0.01372211	0.31124362	-1.05028292
617.08	0.01356108	0.31109688	-1.06040335
617.53	0.01347563	0.31068632	-1.07014968
617.98	0.01326169	0.31070558	-1.07660048
618.43	0.01284519	0.31211119	-1.08659991
618.88	0.01262932	0.31909558	-1.09917959
619.34	0.01284161	0.32704638	-1.11141796
619.79	0.01297110	0.33519240	-1.12234654
620.24	0.01263660	0.34276079	-1.13685620
620.69	0.01230272	0.34658664	-1.14225962
621.14	0.01240844	0.34867132	-1.14637726
621.59	0.01258488	0.34967997	-1.14824045
622.04	0.01234972	0.34982817	-1.15371646
622.50	0.01194484	0.34994698	-1.15988340
622.95	0.01184245	0.34983619	-1.16967876
623.40	0.01198278	0.34896377	-1.17334465
623.85	0.01210838	0.34720269	-1.17967781
624.30	0.01225297	0.34362519	-1.17989686
624.75	0.01251090	0.33762150	-1.17791565
625.20	0.01286958	0.33138316	-1.17178862
625.65	0.01335418	0.32556103	-1.16152331
626.11	0.01393451	0.32086749	-1.15005688
626.56	0.01449054	0.31920650	-1.14130305
627.01	0.01481522	0.31942939	-1.12550358
627.46	0.01486895	0.32171567	-1.11047835
627.91	0.01508088	0.32624496	-1.09525812
628.36	0.01562297	0.33517804	-1.08082674
628.81	0.01615562	0.34687009	-1.06523832
629.26	0.01656503	0.35979929	-1.05240633
629.71	0.01687239	0.37323924	-1.03745512
630.16	0.01707842	0.38556852	-1.02527463
630.62	0.01739655	0.39570223	-1.01098914
631.07	0.01791124	0.40523314	-0.99851194
631.52	0.01852245	0.41421523	-0.98394381
631.97	0.01905124	0.42270494	-0.97022139
632.42	0.01925142	0.43217811	-0.94563289
632.87	0.01931788	0.44083115	-0.92385706
633.32	0.01962363	0.44822572	-0.90001797
633.77	0.01999009	0.45394770	-0.88193493
634.22	0.02023208	0.45611554	-0.87156785
634.67	0.02065676	0.45514144	-0.87575943
635.12	0.02127853	0.45249172	-0.88182105
635.57	0.02188421	0.44854326	-0.88780629
636.02	0.02251253	0.44355209	-0.89665145
636.47	0.02296557	0.43731484	-0.89957409
636.93	0.02310459	0.43121555	-0.90732297
637.38	0.02293432	0.42590354	-0.91013898
637.83	0.02243310	0.42202326	-0.91388800
638.28	0.02201721	0.42253946	-0.91857649
638.73	0.02205517	0.42624186	-0.92128120
639.18	0.02239852	0.43156366	-0.92689133
639.63	0.02272515	0.43809599	-0.93346011
640.08	0.02281579	0.44549785	-0.94587668
640.53	0.02262966	0.45358255	-0.97195983
640.98	0.02239105	0.46152198	-0.99999706
641.43	0.02229763	0.46879603	-1.02804147
641.88	0.02208025	0.47488339	-1.05316956
642.33	0.02160358	0.47725402	-1.06757499
642.78	0.02123097	0.47687113	-1.06833419
643.23	0.02096010	0.47525062	-1.07010168
643.68	0.02040763	0.47279486	-1.06702415
644.13	0.01963621	0.47005201	-1.06789669
644.58	0.01908184	0.46867281	-1.07077215
645.03	0.01895307	0.46715379	-1.07467993
645.48	0.01899738	0.46542542	-1.07767284
645.93	0.01877187	0.46341775	-1.07389740
646.38	0.01816420	0.46044683	-1.06042977
646.83	0.01758916	0.45662211	-1.04313517
647.28	0.01740094	0.45283193	-1.02397252
647.73	0.01753612	0.44935698	-1.00099446
648.18	0.01795385	0.44647838	-0.96932393
648.63	0.01852269	0.44433174	-0.94068536
649.08	0.01883577	0.44336357	-0.90922508
649.53	0.01883371	0.44392087	-0.88178466
649.98	0.01884754	0.44633128	-0.84860408
650.43	0.01911604	0.45128816	-0.81652488
650.88	0.01965905	0.45981887	-0.77774011
651.33	0.02034734	0.47065565	-0.74495060
651.78	0.02118312	0.48369462	-0.71425561
652.23	0.02222214	0.49882938	-0.67980122
652.68	0.02319465	0.51738231	-0.64354599
653.13	0.02381509	0.53858756	-0.61037815
653.58	0.02410360	0.56048393	-0.57542027
654.02	0.02404946	0.58225890	-0.54551362
654.47	0.02370048	0.60309714	-0.51089791
654.92	0.02357053	0.62066977	-0.47939093
655.37	0.02413185	0.63580340	-0.45490419
655.82	0.02511983	0.64848128	-0.42572419
656.27	0.02609115	0.65839460	-0.40259831
656.72	0.02697072	0.66465642	-0.38064893
657.17	0.02769608	0.66255060	-0.36085776
657.62	0.02813401	0.65843615	-0.35299555
658.07	0.02829970	0.65355812	-0.34241897
658.52	0.02847386	0.64916191	-0.33401589
658.97	0.02906729	0.64846309	-0.33560386
659.42	0.03018486	0.65434586	-0.33156290
659.87	0.03146250	0.66232695	-0.33459331
660.31	0.03264187	0.67203948	-0.34177037
660.76	0.03367723	0.68311160	-0.35016933
661.21	0.03429413	0.69643114	-0.36565446
661.66	0.03433818	0.71125576	-0.38920723
662.11	0.03396089	0.72537188	-0.40911374
662.56	0.03338409	0.73776782	-0.43709756
663.01	0.03274162	0.74743497	-0.46632758
663.46	0.03203875	0.74855801	-0.49778514
663.91	0.03144680	0.74374198	-0.53147499
664.36	0.03114016	0.73625846	-0.56642530
664.80	0.03107808	0.72695889	-0.60264077
665.25	0.03120528	0.71669680	-0.64110266
665.70	0.03133479	0.70859285	-0.67986248
666.15	0.03120362	0.70126181	-0.72380769
666.60	0.03087247	0.69421040	-0.76220071
667.05	0.03056760	0.68755240	-0.79992892
667.50	0.03035291	0.68140347	-0.83406720
667.95	0.03015873	0.67568276	-0.85485446
668.39	0.02979671	0.67072297	-0.86913114
668.84	0.02916417	0.66672113	-0.88178455
669.29	0.02832713	0.66384819	-0.88598320
669.74	0.02746590	0.66227554	-0.89052060
670.19	0.02700867	0.66499758	-0.90419023
670.64	0.02712062	0.66884553	-0.91039491
671.09	0.02733138	0.67304214	-0.91402182
671.53	0.02731502	0.67699904	-0.90823938
671.98	0.02731159	0.68012869	-0.90086440
672.43	0.02739843	0.67661238	-0.87822930
672.88	0.02737559	0.67216217	-0.84326806
673.33	0.02735762	0.66776833	-0.80379743
673.78	0.02736594	0.66420084	-0.75884507
674.22	0.02711763	0.66222791	-0.71427457
674.67	0.02674444	0.66651820	-0.66520730
675.12	0.02666044	0.67321618	-0.61360055
675.57	0.02685270	0.68185798	-0.56434128
676.02	0.02710087	0.69220351	-0.51059767
676.47	0.02742555	0.70401037	-0.45823319
676.91	0.02779924	0.71654140	-0.41018161
677.36	0.02790728	0.73011460	-0.35961104
677.81	0.02768149	0.74467797	-0.31140834
678.26	0.02774795	0.76012534	-0.26753064
678.71	0.02864796	0.77634745	-0.22602881
679.15	0.02999708	0.79514514	-0.17811775
679.60	0.03111774	0.81449745	-0.14333267
680.05	0.03204478	0.83330803	-0.10409936
680.50	0.03320847	0.85091618	-0.07507019
680.95	0.03456908	0.86666509	-0.04745996
681.39	0.03588820	0.87588718	-0.02810849
681.84	0.03712805	0.88107253	-0.01506649
682.29	0.03807152	0.88466716	-0.00247842
682.74	0.03860121	0.88734252	-0.00401997
683.18	0.03898611	0.88977182	-0.00211678
683.63	0.03926442	0.89538938	-0.00263200
684.08	0.03949581	0.90384481	-0.01533501
684.53	0.04019485	0.91230113	-0.02362797
684.97	0.04129370	0.92027480	-0.04118645
685.42	0.04209607	0.92728122	-0.06117822
685.87	0.04277612	0.93133407	-0.09044287
686.32	0.04381797	0.93099353	-0.12410125
686.77	0.04465946	0.92951306	-0.16411010
687.21	0.04476616	0.92736591	-0.20851991
687.66	0.04444663	0.92502529	-0.25635772
688.11	0.04389367	0.92330106	-0.30274428
688.55	0.04290891	0.92470119	-0.34573003
689.00	0.04155016	0.92663966	-0.39899036
689.45	0.04029392	0.92896891	-0.44495068
689.90	0.03969374	0.93154196	-0.49142698
690.34	0.03988356	0.93421096	-0.53842275
690.79	0.04022909	0.93683846	-0.58691800
691.24	0.04002374	0.93926703	-0.63398650
691.69	0.03915150	0.94134424	-0.67474885
692.13	0.03778821	0.94292044	-0.71897409
692.58	0.03636024	0.94384545	-0.75494686
693.03	0.03508940	0.94428785	-0.79536584
693.47	0.03362788	0.94397805	-0.82167970
693.92	0.03209383	0.94237713	-0.84561053
694.37	0.03107166	0.93921021	-0.86227883
694.82	0.03061814	0.93420392	-0.87754728
695.26	0.03070281	0.92641945	-0.88458323
695.71	0.03140920	0.91382125	-0.88046026
696.16	0.03208146	0.89937591	-0.87494723
696.60	0.03184096	0.88349429	-0.86316458
697.05	0.03083832	0.86658935	-0.84316239
697.50	0.02985226	0.84907169	-0.82080324
697.94	0.02929965	0.82998345	-0.79511375
698.39	0.02912803	0.81107805	-0.76316739
698.84	0.02914027	0.79342350	-0.73082670
699.28	0.02932101	0.77777725	-0.69711823
699.73	0.02958120	0.76490055	-0.66204512
700.18	0.02946939	0.75773180	-0.62854013
700.62	0.02886030	0.75767983	-0.59465324
701.07	0.02834443	0.76112969	-0.55843439
701.52	0.02839508	0.76772676	-0.52574600
701.96	0.02882239	0.77711699	-0.48877861
702.41	0.02920207	0.78894711	-0.45632430
702.86	0.02934370	0.80262476	-0.41764389
703.30	0.02929595	0.81806646	-0.37762318
703.75	0.02929282	0.83498406	-0.33724171
704.20	0.02958422	0.85307825	-0.30333836
704.64	0.02998888	0.87204486	-0.26712702
705.09	0.03027156	0.89253176	-0.24228249
705.54	0.03050960	0.91432148	-0.21806549
705.98	0.03062845	0.93546829	-0.19936174
706.43	0.03074103	0.95524532	-0.18324442
706.88	0.03111980	0.97292071	-0.17166952
707.32	0.03158884	0.98776509	-0.16756959
707.77	0.03209900	0.99574411	-0.16313496
708.21	0.03258489	0.99968840	-0.16227470
708.66	0.03250476	1.00000000	-0.16792131
709.11	0.03183152	0.99668522	-0.17617132
709.55	0.03122126	0.98975036	-0.18605095
710.00	0.03115071	0.97863427	-0.20146922
710.44	0.03143337	0.96278627	-0.21559293
710.89	0.03140414	0.94378790	-0.23819044
711.34	0.03099391	0.92198951	-0.26047542
711.78	0.03045378	0.89774729	-0.28538024
712.23	0.02946452	0.87140984	-0.30997792
712.67	0.02814558	0.84278824	-0.33134145
713.12	0.02729231	0.81263003	-0.35533287
713.57	0.02693036	0.78169023	-0.37609544
714.01	0.02625542	0.75046771	-0.40242087
714.46	0.02506839	0.71946496	-0.42552272
714.90	0.02391209	0.68925337	-0.45321609
715.35	0.02300515	0.66282245	-0.48257389
715.80	0.02207822	0.63761485	-0.51164557
716.24	0.02111030	0.61362686	-0.54629309
716.69	0.02044470	0.59086196	-0.57675337
717.13	0.02007609	0.56931711	-0.60791176
717.58	0.01960891	0.54922966	-0.63879422
718.02	0.01883884	0.53082285	-0.66745016
718.47	0.01768512	0.51345919	-0.69388206
718.92	0.01606463	0.49700487	-0.72004554
719.36	0.01450132	0.48132382	-0.74496651
719.81	0.01386815	0.46627816	-0.76474119
720.25	0.01402262	0.45116713	-0.77741890
720.70	0.01404635	0.43608659	-0.79179114
721.14	0.01364047	0.42151560	-0.80004783
721.59	0.01295098	0.40749994	-0.80023827
722.03	0.01201311	0.39408887	-0.80017734
722.48	0.01129058	0.38132265	-0.79400806
722.92	0.01115806	0.37050600	-0.78368593
723.37	0.01103956	0.36058381	-0.77018988
723.81	0.01061720	0.35092812	-0.75449880
724.26	0.01049572	0.34129501	-0.73563849
724.71	0.01099681	0.33143420	-0.71165814
725.15	0.01160333	0.32109804	-0.69134912
725.60	0.01184246	0.30686824	-0.66397154
726.04	0.01192906	0.29199595	-0.63831677
726.49	0.01195851	0.27707364	-0.60950426
726.93	0.01145986	0.26246427	-0.57558315
727.38	0.01033479	0.24852834	-0.53850881
727.82	0.00910257	0.23572846	-0.50121319
728.27	0.00829089	0.22617559	-0.44123757
728.71	0.00822646	0.21801578	-0.37616229
729.16	0.00886122	0.21125999	-0.31380207
729.60	0.00966078	0.20592127	-0.25220596
730.05	0.00994151	0.20201090	-0.19235272
730.49	0.00954518	0.19961088	-0.14010389
730.93	0.00906082	0.19912949	-0.10229757
731.38	0.00904052	0.20000816	-0.07405310
731.82	0.00928734	0.20216490	-0.04756012
732.27	0.00923948	0.20551765	-0.02575044
732.71	0.00897691	0.20998378	-0.01546212
733.16	0.00910664	0.21546999	-0.00400194
733.60	0.00983279	0.22184295	-0.00699700
734.05	0.01108460	0.22909731	-0.00687127
734.49	0.01277314	0.23716607	-0.01436899
734.94	0.01448432	0.24597671	-0.02265630
735.38	0.01565546	0.25546379	-0.03368836
735.83	0.01628201	0.26568843	-0.04551410
736.27	0.01689767	0.27726471	-0.05715898
736.72	0.01772382	0.28912746	-0.07057815
737.16	0.01861558	0.30104558	-0.07991423
737.60	0.01957269	0.31278659	-0.09493485
738.05	0.02069993	0.32412087	-0.10392326
738.49	0.02206174	0.33466207	-0.11469392
738.94	0.02384686	0.34236228	-0.12431911
739.38	0.02600140	0.34933943	-0.12596486
739.83	0.02808054	0.35571614	-0.13037529
740.27	0.02997127	0.36161698	-0.13559923
740.71	0.03164415	0.36716743	-0.13968546
741.16	0.03275314	0.37249110	-0.14263591
741.60	0.03324144	0.37979246	-0.15031185
742.05	0.03330710	0.38687397	-0.15685582
742.49	0.03310919	0.39341389	-0.16324625
742.93	0.03298568	0.39918356	-0.16753190
743.38	0.03291371	0.40395323	-0.16483181
743.82	0.03249642	0.40749414	-0.16296036
744.27	0.03222257	0.40663155	-0.15117720
744.71	0.03282632	0.40379593	-0.12850760
745.15	0.03377775	0.40009266	-0.10764870
745.60	0.03425998	0.39587894	-0.08469607
746.04	0.03430197	0.39151215	-0.05574528
746.49	0.03402781	0.38735077	-0.02177467
746.93	0.03329345	0.38463605	0.00549520
747.37	0.03250526	0.38331402	0.03680474
747.82	0.03243364	0.38290253	0.06824594
748.26	0.03302013	0.38352641	0.09786391
748.71	0.03332689	0.38531041	0.13151626
749.15	0.03273932	0.38837941	0.16627157
749.59	0.03179613	0.39395564	0.20505779
750.04	0.03134771	0.40303424	0.24396694
750.48	0.03152016	0.41311725	0.28983325
750.92	0.03217062	0.42383485	0.33191282
751.37	0.03305389	0.43481887	0.37508677
751.81	0.03347314	0.44569977	0.41935340
752.25	0.03320933	0.45604403	0.45787509
752.70	0.03269940	0.46379737	0.49455643
753.14	0.03196826	0.47062271	0.52744263
753.58	0.03103855	0.47643042	0.56532109
754.03	0.03031951	0.48112979	0.59256516
754.47	0.03004007	0.48463100	0.62089197
754.91	0.03032366	0.48684341	0.64932331
755.36	0.03086789	0.48746160	0.67688102
755.80	0.03092098	0.48653958	0.70161034
756.24	0.03031073	0.48413708	0.72448624
756.69	0.02922607	0.48021176	0.74355399
757.13	0.02771871	0.47471999	0.75978858
757.57	0.02609493	0.46761874	0.77318843
758.02	0.02495718	0.45796565	0.77886915
758.46	0.02493377	0.44439551	0.77975887
758.90	0.02601702	0.42968820	0.76804354
759.35	0.02726082	0.41427446	0.75934660
759.79	0.02786335	0.39858916	0.74585403
760.23	0.02802830	0.38306259	0.73244710
760.67	0.02821101	0.36812704	0.71228836
761.12	0.02801365	0.35814998	0.69611849
761.56	0.02687279	0.34994920	0.68393596
762.00	0.02523622	0.34238092	0.66402055
762.45	0.02359641	0.33518167	0.64613638
762.89	0.02204432	0.32808870	0.62442259
763.33	0.02119194	0.32083760	0.60083085
763.77	0.02133868	0.31197451	0.57535967
764.22	0.02171063	0.29999073	0.54605449
764.66	0.02150729	0.28775599	0.51291384
765.10	0.02060998	0.27554237	0.47886597
765.55	0.01915171	0.26362304	0.44488601
765.99	0.01705328	0.25227297	0.40511316
766.43	0.01464866	0.24176530	0.36638192
766.87	0.01279547	0.23336563	0.32185496
767.32	0.01164414	0.22654593	0.27934336
767.76	0.01091183	0.22106623	0.23103323
768.20	0.01062526	0.21701377	0.18375912
768.64	0.01050714	0.21447712	0.13654307
769.09	0.01032910	0.21354382	0.09524309
769.53	0.01042494	0.21468920	0.05497499
769.97	0.01069130	0.21988018	0.02062022
770.41	0.01063996	0.22651924	-0.00782256
770.86	0.01066648	0.23432030	-0.03426096
771.30	0.01139128	0.24299805	-0.05479007
771.74	0.01217983	0.25226880	-0.07429403
772.18	0.01212845	0.26184771	-0.09082105
772.62	0.01184210	0.27108639	-0.09851307
773.07	0.01213709	0.27971116	-0.10616046
773.51	0.01243935	0.28794102	-0.10790516
773.95	0.01230695	0.29559066	-0.10081878
774.39	0.01236340	0.30248141	-0.09466823
774.83	0.01281432	0.30842867	-0.08554854
775.28	0.01281192	0.31325312	-0.07150788
775.72	0.01221613	0.31505826	-0.04668813
776.16	0.01195430	0.31504194	-0.02085619
776.60	0.01224749	0.31388238	0.01282262
777.04	0.01273683	0.31169987	0.04653455
777.49	0.01333571	0.30861513	0.07734867
777.93	0.01393366	0.30474880	0.11307624
778.37	0.01417294	0.30021990	0.14492697
778.81	0.01370827	0.29462055	0.17485275
779.25	0.01279838	0.28865778	0.19894612
779.70	0.01214863	0.28253562	0.22208868
780.14	0.01173951	0.27644303	0.24623235
780.58	0.01091061	0.27057316	0.26649311
781.02	0.00973591	0.26511731	0.28579947
781.46	0.00893576	0.26050643	0.30317366
781.90	0.00876831	0.25798487	0.31373170
782.35	0.00912845	0.25622125	0.31649586
782.79	0.01001222	0.25520500	0.32416027
783.23	0.01122296	0.25492549	0.33086440
783.67	0.01254420	0.25537192	0.33660710
784.11	0.01409300	0.25653362	0.34431690
784.55	0.01556775	0.25865548	0.35203954
784.99	0.01623719	0.26213845	0.36465668
785.44	0.01603384	0.26615414	0.37826096
785.88	0.01566359	0.27057057	0.39382780
786.32	0.01596389	0.27525718	0.40549671
786.76	0.01704177	0.28008205	0.41814939
787.20	0.01797284	0.28491467	0.43178475
787.64	0.01808171	0.28871535	0.44151885
788.08	0.01771889	0.29047975	0.44149123
788.52	0.01728387	0.29231214	0.44634924
788.97	0.01661397	0.29442959	0.44534961
789.41	0.01547231	0.29704769	0.44630376
789.85	0.01419713	0.30038339	0.44042155
790.29	0.01323787	0.30465316	0.43942068
790.73	0.01235115	0.31090471	0.43060475
791.17	0.01158128	0.32015924	0.42276179
791.61	0.01153738	0.33058760	0.41686731
792.05	0.01213849	0.34208914	0.40315464
792.49	0.01327047	0.35457126	0.39431804
792.94	0.01563595	0.36793309	0.38742681
793.38	0.01930212	0.38207727	0.37955022
793.82	0.02293046	0.39791128	0.37557008
794.26	0.02521593	0.41699197	0.37939160
794.70	0.02596598	0.43599684	0.38222472
795.14	0.02611663	0.45437702	0.39285750
795.58	0.02681782	0.47157894	0.40054675
796.02	0.02790094	0.48705422	0.41408053
796.46	0.02868547	0.50024983	0.42955161
796.90	0.02935299	0.50964288	0.44695900
797.34	0.03013618	0.51015285	0.47411423
797.78	0.03087091	0.50761645	0.50418039
798.22	0.03101734	0.50226646	0.53617993
798.66	0.02956038	0.49433447	0.57206504
799.11	0.02654588	0.48405250	0.60695192
799.55	0.02398583	0.47165417	0.64083965
799.99	0.02329515	0.45737181	0.67665694
800.43	0.02351214	0.43994916	0.70854349
800.87	0.02348805	0.42123159	0.73845149
801.31	0.02310698	0.40167441	0.76833312
801.75	0.02227379	0.38168938	0.79916403
802.19	0.02079671	0.36169038	0.83289641
802.63	0.01880404	0.34208612	0.86269341
803.07	0.01744055	0.32328781	0.88855412
803.51	0.01752113	0.30814832	0.91829014
803.95	0.01771499	0.29526701	0.94506461
804.39	0.01701484	0.28377195	0.96790009
804.83	0.01624426	0.27369126	0.99167849
805.27	0.01620505	0.26505202	1.01346924
805.71	0.01687449	0.25788304	1.03229489
806.15	0.01783056	0.25221370	1.04717800
806.59	0.01865293	0.24854492	1.05811770
807.03	0.01893929	0.24700299	1.06120687
807.47	0.01895074	0.24687193	1.06425715
807.91	0.01949058	0.24805784	1.06238486
808.35	0.02032066	0.25046574	1.05949541
808.79	0.02090849	0.25400254	1.05265824
809.23	0.02199199	0.25857330	1.04480221
809.67	0.02410456	0.26409984	1.03202023
810.11	0.02581887	0.27068369	1.02603020
810.55	0.02573536	0.27799192	1.01315943
810.99	0.02527334	0.28590603	1.00121959
811.43	0.02671556	0.29430648	0.98728016
811.87	0.02975133	0.30307291	0.97231689
812.31	0.03226804	0.31208549	0.95632897
812.75	0.03333328	0.32122777	0.93638590
813.19	0.03410124	0.33069985	0.91248688
813.63	0.03528643	0.34020598	0.88560767
814.07	0.03583946	0.34939404	0.85965372
814.51	0.03558524	0.35808908	0.83267112
814.95	0.03580012	0.36611897	0.80270596
815.38	0.03657792	0.37330982	0.77073401
815.82	0.03675728	0.37948674	0.73675450
816.26	0.03602868	0.38413523	0.70467290
816.70	0.03486802	0.38564273	0.66765251
817.14	0.03354800	0.38588102	0.63252850
817.58	0.03230969	0.38490832	0.59734698
818.02	0.03148349	0.38278263	0.56308376
818.46	0.03148498	0.37956230	0.52778496
818.90	0.03220313	0.37530562	0.49144983
819.34	0.03266960	0.37006937	0.45603075
819.78	0.03236600	0.36351528	0.42738636
820.22	0.03162922	0.35587788	0.39770342
820.66	0.03076910	0.34754473	0.36795776
821.10	0.02981403	0.33864293	0.33912521
821.53	0.02879516	0.32930214	0.31413474
821.97	0.02752850	0.31964527	0.28810282
822.41	0.02571332	0.30980188	0.25907559
822.85	0.02352137	0.29989887	0.23193518
823.29	0.02148374	0.29053747	0.19886836
823.73	0.01957113	0.28132764	0.16182755
824.17	0.01770181	0.27233832	0.13253082
824.61	0.01687692	0.26364598	0.09828214
825.05	0.01698201	0.25532823	0.06494020
825.48	0.01664860	0.24746037	0.03641056
825.92	0.01659979	0.24011982	0.01171597
826.36	0.01799965	0.23312423	-0.01207393
826.80	0.01908017	0.22624389	-0.02519419
827.24	0.01794201	0.22022969	-0.03252831
827.68	0.01604946	0.21524205	-0.03798320
828.12	0.01580769	0.21144460	-0.03960641
828.56	0.01685787	0.20899900	-0.03837515
828.99	0.01755865	0.20806673	-0.03819634
829.43	0.01799816	0.20880961	-0.03028156
829.87	0.01875895	0.21339462	-0.02244398
830.31	0.01919614	0.22142014	-0.00882486
830.75	0.01927628	0.23105193	0.00178609
831.19	0.02007657	0.24208982	0.01720074
831.63	0.02096313	0.25433557	0.03839500
832.06	0.02100960	0.26758968	0.05462606
832.50	0.02160029	0.28165070	0.07565891
832.94	0.02325018	0.29632105	0.09465699
833.38	0.02456222	0.31153675	0.11845562
833.82	0.02524421	0.32700057	0.14119480
834.26	0.02597442	0.34244201	0.16873329
834.69	0.02707478	0.35764541	0.19032829
835.13	0.02873898	0.37239115	0.20988544
835.57	0.03084807	0.38646397	0.23228696
836.01	0.03250055	0.39964441	0.25460255
836.45	0.03258057	0.41171701	0.27194880
836.88	0.03102012	0.42016424	0.28334856
837.32	0.02912182	0.42685298	0.29661372
837.76	0.02809661	0.43226114	0.30295466
838.20	0.02757472	0.43643561	0.30823015
838.64	0.02704327	0.43942227	0.31341617
839.07	0.02716109	0.44126702	0.31265277
839.51	0.02813655	0.44201601	0.31375189
839.95	0.02904355	0.44171553	0.31378325
840.39	0.02934563	0.43937573	0.30981661
840.83	0.02966064	0.43603834	0.30087484
841.26	0.02972183	0.43199748	0.29574644
841.70	0.02798885	0.42740867	0.28661834
842.14	0.02500700	0.42243005	0.27837282
842.58	0.02311808	0.41721877	0.26612650
843.01	0.02249630	0.41193083	0.25769133
843.45	0.02167721	0.40672411	0.24427772
843.89	0.02128173	0.40249499	0.23662729
844.33	0.02249941	0.39871813	0.22985671
844.76	0.02391712	0.39534445	0.21908262
845.20	0.02448887	0.39245017	0.21309356
845.64	0.02518958	0.39011071	0.20407648
846.08	0.02547051	0.38840239	0.19984338
846.51	0.02412146	0.38740122	0.19062809
846.95	0.02254429	0.38718309	0.18326603
847.39	0.02272510	0.38880239	0.17873326
847.83	0.02443583	0.39158859	0.17214644
848.26	0.02608745	0.39518026	0.16741131
848.70	0.02701760	0.39953556	0.16257424
849.14	0.02738274	0.40461160	0.15763472
849.58	0.02742563	0.41036671	0.15356881
850.01	0.02848797	0.41675785	0.15428227
850.45	0.03171938	0.42374344	0.15098553
850.89	0.03547669	0.43189537	0.15344372
851.32	0.03656148	0.44094663	0.15091417
851.76	0.03425956	0.45031873	0.15413858
852.20	0.03131202	0.45987374	0.15921021
852.64	0.03016773	0.46947501	0.16612858
853.07	0.03043578	0.47898743	0.17098696
853.51	0.03134676	0.48827456	0.17671455
853.95	0.03307136	0.49719879	0.18917027
854.38	0.03428262	0.50516288	0.20054115
854.82	0.03385059	0.51161694	0.21570951
855.26	0.03342304	0.51745877	0.23076866
855.69	0.03418331	0.52267194	0.24474156
856.13	0.03515180	0.52724197	0.26251057
856.57	0.03562977	0.53115287	0.28309866
857.00	0.03576681	0.53438938	0.30650540
857.44	0.03578169	0.53693597	0.32882406
857.88	0.03599887	0.53875586	0.35298389
858.31	0.03614428	0.53824392	0.38093758
858.75	0.03640628	0.53713682	0.41268467
859.19	0.03797090	0.53556045	0.44236535
859.62	0.03971169	0.53364230	0.46900261
860.06	0.03948115	0.53150839	0.50333822
860.50	0.03895414	0.52928528	0.53462956
860.93	0.04114621	0.52709923	0.56971212
861.37	0.04527829	0.52507702	0.60077298
861.81	0.04863417	0.52479082	0.63171796
862.24	0.05043749	0.52570862	0.66254665
862.68	0.05114260	0.52685215	0.69228206
863.12	0.05133576	0.52814879	0.72092377
863.55	0.05166691	0.52952594	0.74944793
863.99	0.05157060	0.53091086	0.77687756
864.42	0.05031914	0.53223114	0.80418883
864.86	0.04859192	0.53341404	0.83138131
865.30	0.04758081	0.53431050	0.85747805
865.73	0.04803473	0.53446782	0.88052551
866.17	0.04903765	0.53432080	0.90149986
866.61	0.04852627	0.53384174	0.92333039
867.04	0.04677616	0.53300350	0.94211045
867.48	0.04610645	0.53177815	0.96174591
867.91	0.04668963	0.53013884	0.97637699
868.35	0.04708910	0.52805791	0.99186268
868.79	0.04718104	0.52550794	1.00331978
869.22	0.04741288	0.52207109	1.01367761
869.66	0.04749237	0.51786806	1.02195921
870.09	0.04714266	0.51319809	1.02718765
870.53	0.04671963	0.50808915	1.02936254
870.97	0.04687154	0.50256652	1.03141321
871.40	0.04788217	0.49665813	1.03138616
871.84	0.04884544	0.49038978	1.02830445
872.27	0.04838166	0.48378893	1.02314429
872.71	0.04646506	0.47688155	1.01883498
873.14	0.04434148	0.46878987	1.00951681
873.58	0.04311076	0.46047507	1.00202534
874.02	0.04322856	0.45208215	0.98561803
874.45	0.04414688	0.44371296	0.97201328
874.89	0.04445035	0.43547110	0.95632791
875.32	0.04436104	0.42745859	0.93953815
875.76	0.04615331	0.41977820	0.92359676
876.19	0.04936693	0.41253365	0.90655029
876.63	0.05071968	0.40642180	0.88839837
877.06	0.04965675	0.40271859	0.86425786
877.50	0.04744063	0.39952701	0.84487061
877.93	0.04375067	0.39676054	0.82535346
878.37	0.03888299	0.39433189	0.80570608
878.81	0.03566695	0.39215461	0.78397501
879.24	0.03578059	0.39014198	0.76504274
879.68	0.03712406	0.38820666	0.74793236
880.11	0.03834584	0.38626270	0.73166700
880.55	0.04029708	0.38351797	0.71722289
880.98	0.04174757	0.37979533	0.70850595
881.42	0.04032713	0.37597390	0.70063306
881.85	0.03601921	0.37208864	0.69458046
882.29	0.03112631	0.36817081	0.69132438
882.72	0.02864900	0.36425454	0.68988797
883.16	0.02970533	0.36037303	0.68929434
883.59	0.03241338	0.35655889	0.68954317
884.03	0.03458186	0.35284534	0.69258730
884.46	0.03598692	0.34932425	0.69647328
884.90	0.03690253	0.34600829	0.69729456
885.33	0.03721082	0.34288022	0.69993366
885.77	0.03766070	0.33996496	0.70634339
886.20	0.03871225	0.33728752	0.71359378
886.64	0.03926593	0.33487319	0.72266108
887.07	0.03869541	0.33274741	0.73452157
887.51	0.03806190	0.33093515	0.74722182
887.94	0.03805310	0.32946188	0.76271468
888.38	0.03795999	0.32906242	0.78197641
888.81	0.03744537	0.32943753	0.80598330
889.24	0.03659225	0.33009134	0.83180536
889.68	0.03484848	0.33096378	0.85846576
890.11	0.03284050	0.33199513	0.88694077
890.55	0.03243769	0.33312526	0.91723012
890.98	0.03381602	0.33429453	0.94347416
891.42	0.03461126	0.33544313	0.97641479
891.85	0.03248185	0.33651085	1.00628612
892.29	0.02928284	0.33696603	1.03992382
892.72	0.02842988	0.33690666	1.07146823
893.15	0.02933243	0.33668005	1.10580191
893.59	0.03031898	0.33628621	1.13608865
894.02	0.03138573	0.33572506	1.16916412
894.46	0.03300732	0.33499659	1.19916869
894.89	0.03664890	0.33410089	1.22903178
895.33	0.04193548	0.33303782	1.25582345
895.76	0.04497841	0.33180757	1.28051999
896.19	0.04315426	0.33045502	1.30116804
896.63	0.03799473	0.32898809	1.31972046
897.06	0.03363493	0.32734345	1.33422388
897.50	0.03206840	0.32551382	1.34663117
897.93	0.03111395	0.32349240	1.35791864
898.36	0.02910359	0.32127144	1.36613293
898.80	0.02715973	0.31884425	1.37127379
899.23	0.02656532	0.31620301	1.37431753
899.67	0.02824082	0.31334116	1.37526392
900.10	0.03272352	0.31016242	1.37606584
900.53	0.03838022	0.30645920	1.37086368
900.97	0.04230918	0.30254619	1.36551657
901.40	0.04291447	0.29844294	1.35514148
901.84	0.04127701	0.29416889	1.34559753
902.27	0.03934583	0.28974410	1.33200170
902.70	0.03755438	0.28518778	1.32021311
903.14	0.03636766	0.28052020	1.30632530
903.57	0.03686413	0.27576039	1.28838492
904.00	0.03829372	0.27092809	1.27225111
904.44	0.03724309	0.26550321	1.25206427
904.87	0.03332970	0.26003866	1.23270700
905.30	0.03166702	0.25463726	1.20929626
905.74	0.03351673	0.24935898	1.18671465
906.17	0.03550310	0.24426459	1.16300883
906.60	0.03678144	0.23941393	1.14110826
907.04	0.03728894	0.23486628	1.11710649
907.47	0.03673733	0.23068166	1.08905018
907.91	0.03532012	0.22692050	1.06475161
908.34	0.03345537	0.22484108	1.03932777
908.77	0.03326135	0.22428409	1.01375500
909.20	0.03518055	0.22410088	0.98900968
909.64	0.03707100	0.22419900	0.96313846
910.07	0.03840210	0.22448613	0.94102395
910.50	0.03848577	0.22487013	0.91875972
910.94	0.03509161	0.22525861	0.89634555
911.37	0.02830549	0.22555952	0.87378124
911.80	0.02142271	0.22568057	0.85497286
912.24	0.01766387	0.22542242	0.83406083
912.67	0.01804997	0.22260758	0.82374026
913.10	0.02189530	0.21949335	0.80740941
913.54	0.02749295	0.21614086	0.79776339
913.97	0.03101647	0.21261207	0.78894265
914.40	0.02924628	0.20896812	0.78094698
914.83	0.02592572	0.20527035	0.77377622
915.27	0.02581109	0.20158134	0.77524266
915.70	0.02708868	0.19796097	0.77460394
916.13	0.02688550	0.19447165	0.77381301
916.57	0.02485171	0.19184076	0.78263530
917.00	0.02242597	0.19017849	0.79032845
917.43	0.02103146	0.18869815	0.80470478
917.86	0.02062244	0.18736892	0.82283443
918.30	0.02182979	0.18615960	0.83788128
918.73	0.02430608	0.18503951	0.85570454
919.16	0.02463787	0.18397768	0.87435090
919.59	0.02231658	0.18294305	0.89772645
920.03	0.02133902	0.18190467	0.91899508
920.46	0.02255248	0.18083192	0.94596912
920.89	0.02365933	0.17913598	0.97083591
921.32	0.02335385	0.17723463	0.99847808
921.76	0.02140917	0.17528519	1.02498923
922.19	0.01934135	0.17330167	1.05134576
922.62	0.01942928	0.17129768	1.07950062
923.05	0.02315037	0.16928753	1.10359429
923.49	0.02819793	0.16728457	1.12948597
923.92	0.02929638	0.16530313	1.16108177
924.35	0.02618989	0.16335665	1.18373308
924.78	0.02372421	0.16147079	1.20915850
925.22	0.02395303	0.16002745	1.22954538
925.65	0.02398959	0.15863625	1.25758888
926.08	0.02224828	0.15728625	1.27473416
926.51	0.02123434	0.15596656	1.29465294
926.94	0.02169601	0.15466671	1.31441538
927.38	0.02116471	0.15337584	1.32523229
927.81	0.01774758	0.15208305	1.33979881
928.24	0.01152193	0.15077759	1.35030232
928.67	0.00568357	0.14944882	1.36064890
929.10	0.00483434	0.14807478	1.36595562
929.54	0.01140695	0.14659987	1.36817545
929.97	0.02319104	0.14507391	1.36633168
930.40	0.03173078	0.14349062	1.36042419
930.83	0.03146325	0.14184346	1.35826533
931.26	0.02668789	0.14012557	1.35204247
931.69	0.02159142	0.13833037	1.33687265
932.13	0.01619449	0.13645155	1.32935731
932.56	0.01280414	0.13448228	1.31387132
932.99	0.01384754	0.13241627	1.29822703
933.42	0.01808105	0.13011354	1.27656495
933.85	0.02356195	0.12718827	1.25767401
934.28	0.02700846	0.12419319	1.23569470
934.72	0.02420669	0.12116016	1.20867378
935.15	0.01646872	0.11812179	1.18247049
935.58	0.01153887	0.11511123	1.16001440
936.01	0.01476273	0.11216069	1.13153975
936.44	0.02307815	0.10930323	1.09997611
936.87	0.03056167	0.10657104	1.06922961
937.30	0.03416879	0.10399714	1.04222982
937.74	0.03500506	0.10173273	1.01604693
938.17	0.03453895	0.10039808	0.97993863
938.60	0.03109999	0.09926492	0.95148294
939.03	0.02676816	0.09831631	0.91993754
939.46	0.02532268	0.09753600	0.89213826
939.89	0.02417175	0.09690749	0.86222562
940.32	0.02163009	0.09641421	0.83312919
940.75	0.01839295	0.09603969	0.80875510
941.19	0.01363913	0.09576747	0.78129075
941.62	0.01226887	0.09558107	0.75561883
942.05	0.01762859	0.09546402	0.73369238
942.48	0.02316769	0.09560525	0.71648783
942.91	0.02413955	0.09577566	0.69912227
943.34	0.01852748	0.09594241	0.68452529
943.77	0.00727074	0.09607691	0.66976709
944.20	0.00040229	0.09615059	0.66266007
944.63	0.00321382	0.09613491	0.65636819
945.06	0.00706090	0.09600131	0.64405542
945.49	0.00673612	0.09572129	0.63939352
945.93	0.00878389	0.09526634	0.63652302
946.36	0.01696241	0.09460792	0.63739695
946.79	0.02735490	0.09286842	0.63517928
947.22	0.03544372	0.09057422	0.63279959
947.65	0.03887651	0.08810411	0.64099998
948.08	0.03835923	0.08549721	0.64610849
948.51	0.03614520	0.08279186	0.64812501
948.94	0.03521015	0.08002718	0.65876820
949.37	0.03812657	0.07724182	0.66924892
949.80	0.04258252	0.07447371	0.68152020
950.23	0.04501541	0.07176265	0.69558194
950.66	0.04355915	0.06914617	0.71436375
951.09	0.03621364	0.06696445	0.72907648
951.52	0.02623593	0.06550741	0.75143880
951.95	0.02333638	0.06419847	0.77949748
952.38	0.02988343	0.06302750	0.80641651
952.81	0.03531795	0.06198555	0.82926612
953.24	0.03256560	0.06106266	0.85781186
953.67	0.02549815	0.06024971	0.88619426
954.10	0.01980044	0.05953689	0.91148356
954.53	0.01467492	0.05891494	0.93953905
954.96	0.00503666	0.05837435	0.96645440
955.39	0.00000000	0.05790558	0.98929986
955.82	0.00000000	0.05748520	1.00807533
956.25	0.00000000	0.05711637	1.02082763
956.68	0.00000000	0.05679259	1.03732230
957.11	0.00000000	0.05650526	1.04779364
957.54	0.00000000	0.05624580	1.05614783
957.97	0.00196120	0.05600567	1.06629105
958.40	0.01028395	0.05577630	1.07236385
958.83	0.01581972	0.05554906	1.07338960
959.26	0.01494358	0.05531539	1.07913385
959.69	0.01167910	0.05506677	1.08080747
960.12	0.00922503	0.05468942	1.08329321
960.55	0.00601881	0.05402543	1.07682537
960.98	0.00310704	0.05334514	1.06726327
961.41	0.00475132	0.05265943	1.06339590
961.84	0.01112912	0.05197919	1.05057475
962.27	0.02029856	0.05131515	1.04149508
962.70	0.03022186	0.05067814	1.02834433
963.13	0.03312008	0.05007909	1.01600524
963.56	0.02622805	0.04952881	1.00154807
963.99	0.01927534	0.04903806	0.98399620
964.42	0.01545469	0.04861764	0.96432612
964.85	0.01275098	0.04868540	0.94253777
965.28	0.01460496	0.04910147	0.92253736
965.71	0.01846318	0.04956474	0.89846545
966.14	0.01739153	0.05005044	0.87813448
966.57	0.01301410	0.05053397	0.85080221
967.00	0.01148033	0.05099043	0.82623421
967.43	0.01272098	0.05139521	0.80052418
967.85	0.01182610	0.05172361	0.77562519
968.28	0.00732031	0.05195088	0.75251374
968.71	0.00267680	0.05205239	0.72630698
969.14	0.00042318	0.05200343	0.70481736
969.57	0.00000000	0.05085572	0.67632607
970.00	0.00000000	0.04931156	0.66231744
970.43	0.00032996	0.04764761	0.64130705
970.86	0.00870797	0.04589894	0.62696672
971.29	0.01081291	0.04410015	0.60562454
971.72	0.01124646	0.04228631	0.58704608
972.15	0.01578252	0.04049196	0.57123130
972.57	0.02330093	0.03875217	0.55427390
973.00	0.02926905	0.03710143	0.53812696
973.43	0.03146609	0.03557477	0.51986076
973.86	0.03276714	0.03420670	0.50435807
974.29	0.03309819	0.03421859	0.48868915
974.72	0.02983291	0.03456723	0.46601802
975.15	0.02743898	0.03505385	0.44415716
975.58	0.02975561	0.03564555	0.42603620
976.00	0.03241126	0.03630936	0.41067854
976.43	0.03107082	0.03701215	0.39320134
976.86	0.02400536	0.03772129	0.37653424
977.29	0.01296037	0.03840364	0.36165378
977.72	0.00439823	0.03902632	0.35246616
978.15	0.00264273	0.03955652	0.34506510
978.58	0.00842412	0.03996128	0.33652088
979.00	0.01833721	0.03921505	0.33757565
979.43	0.02231629	0.03814574	0.34822938
979.86	0.01807105	0.03695664	0.35871642
980.29	0.01630140	0.03567234	0.36513047
980.72	0.02123281	0.03431719	0.38211996
981.15	0.02786271	0.03291588	0.39503640
981.57	0.03128589	0.03149274	0.41462197
982.00	0.03057022	0.03007227	0.43404069
982.43	0.02964508	0.02867915	0.44743315
982.86	0.03083930	0.02733787	0.46163528
983.29	0.03102027	0.02607268	0.48250641
983.72	0.02705809	0.02545609	0.49637466
984.14	0.02260732	0.02517248	0.50909936
984.57	0.02389098	0.02497607	0.51872736
985.00	0.03350768	0.02485390	0.52721178
985.43	0.04875542	0.02479304	0.53748226
985.86	0.06252004	0.02478057	0.54953880
986.28	0.06764750	0.02480354	0.55849855
986.71	0.05784742	0.02484904	0.57022087
987.14	0.03552107	0.02490413	0.57884636
987.57	0.01883054	0.02495592	0.59316407
987.99	0.02006081	0.02499149	0.60536147
988.42	0.02943237	0.02481775	0.62422761
988.85	0.03367568	0.02437908	0.65659841
989.28	0.03191259	0.02391255	0.67610666
989.71	0.02960199	0.02342445	0.70716641
990.13	0.02616356	0.02292120	0.72926983
990.56	0.01875432	0.02240916	0.75022941
990.99	0.01147129	0.02189462	0.77883419
991.42	0.00669184	0.02138392	0.79848259
991.84	0.00336541	0.02088349	0.81698710
992.27	0.00478333	0.02039960	0.83434770
992.70	0.01547691	0.01993866	0.84470502
993.13	0.03322660	0.01951924	0.85294184
993.55	0.04649569	0.01934792	0.83171442
993.98	0.04542594	0.01920799	0.81422585
994.41	0.03128603	0.01909538	0.78387457
994.84	0.01171242	0.01900604	0.76019183
995.26	0.00000000	0.01893595	0.73145885
995.69	0.00000000	0.01888106	0.70060532
996.12	0.00000000	0.01883734	0.66860779
996.55	0.00265784	0.01880076	0.63448970
996.97	0.01675843	0.01876728	0.60020415
997.40	0.01542091	0.01873288	0.56868084
997.83	0.01384403	0.01869352	0.53601351
998.25	0.02068578	0.01858760	0.51392089
998.68	0.02833485	0.01842356	0.50240300
999.11	0.03293169	0.01824965	0.49169419
999.53	0.03287975	0.01806654	0.48277102
999.96	0.02966650	0.01787490	0.47368037
1000.39	0.02601308	0.01767547	0.46442224
1000.82	0.02056639	0.01746891	0.45792631
1001.24	0.01626035	0.01725593	0.45028633
1001.67	0.01816358	0.01703722	0.44052574
1002.10	0.02361117	0.01681350	0.42962109
1002.52	0.02845553	0.01658541	0.41952552
1002.95	0.03220051	0.01635369	0.40437965
1003.38	0.03074074	0.01607574	0.37246472
1003.80	0.02329695	0.01579348	0.34428856
1004.23	0.01865931	0.01551354	0.31008555
1004.66	0.01585870	0.01523873	0.27376193
1005.08	0.00416756	0.01497177	0.23922395
1005.51	0.00000000	0.01471549	0.20647163
1005.94	0.00000000	0.01447260	0.17159872
1006.36	0.00534833	0.01424590	0.13558178
1006.79	0.01843837	0.01403812	0.10135050
1007.22	0.02814567	0.01385206	0.06890490
1007.64	0.03366092	0.01369046	0.03336217
1008.07	0.03949350	0.01359332	0.00546449
1008.50	0.04611744	0.01371721	-0.00990530
1008.92	0.04512057	0.01386270	-0.03032533
1009.35	0.03806032	0.01402268	-0.04700652
1009.77	0.03540762	0.01418999	-0.05701919
1010.20	0.04101038	0.01435751	-0.06817581
1010.63	0.04779114	0.01451813	-0.08145295
1011.05	0.04481973	0.01466465	-0.08610840
1011.48	0.02678921	0.01479003	-0.09581403
1011.91	0.00110307	0.01488709	-0.10275732
1012.33	0.00000000	0.01494875	-0.11084453
1012.76	0.01254450	0.01496788	-0.11323969
1013.18	0.02942424	0.01485588	-0.12068498
1013.61	0.01947054	0.01447849	-0.12243820
1014.04	0.00000000	0.01405256	-0.12240558
1014.46	0.00000000	0.01358329	-0.12351681
1014.89	0.00000000	0.01307597	-0.12577186
1015.31	0.01740970	0.01253578	-0.12721760
1015.74	0.04792627	0.01196803	-0.12590088
1016.16	0.06919526	0.01137785	-0.12865763
1016.59	0.07297165	0.01077058	-0.13060502
1017.02	0.07289538	0.01015136	-0.13271959
1017.44	0.07704159	0.00952540	-0.13402476
1017.87	0.07708170	0.00889810	-0.13940334
1018.29	0.07560594	0.00829770	-0.14494904
1018.72	0.07821861	0.00777055	-0.14089623
1019.14	0.08181732	0.00725317	-0.14482301
1019.57	0.08785892	0.00674707	-0.14794031
1020.00	0.09629056	0.00625389	-0.15708403
1020.42	0.10080081	0.00577513	-0.16932447
1020.85	0.09711861	0.00531244	-0.18270849
1021.27	0.08320988	0.00486732	-0.20016575
1021.70	0.05941147	0.00444135	-0.22462592
1022.12	0.03493816	0.00403622	-0.25413584
1022.55	0.02336354	0.00365333	-0.28869551
1022.97	0.03676718	0.00329434	-0.33318770
1023.40	0.07434782	0.00295959	-0.38858896
1023.82	0.10485608	0.00264232	-0.47150082
1024.25	0.09940548	0.00235409	-0.56532170
1024.68	0.06971399	0.00209699	-0.66223908
1025.10	0.04387217	0.00187293	-0.77006542
1025.53	0.03382548	0.00168393	-0.87903509
1025.95	0.02618761	0.00153200	-0.99110117
1026.38	0.00645191	0.00141916	-1.10919334
1026.80	0.00000000	0.00134739	-1.22745218
1027.23	0.01680591	0.00131868	-1.34978392
1027.65	0.05603736	0.00133505	-1.46837604
1028.08	0.06936807	0.00139847	-1.59201756
1028.50	0.05551372	0.00151099	-1.71582566
1028.93	0.04822425	0.00187442	-1.83003467
1029.35	0.06314659	0.00232350	-1.94343362
1029.78	0.08994532	0.00281068	-2.05797562
1030.20	0.10289980	0.00332836	-2.16291845
1030.62	0.08377285	0.00386920	-2.26802770
1031.05	0.04415724	0.00442560	-2.37330335
1031.47	0.00912422	0.00499040	-2.47288598
1031.90	0.00000000	0.00555585	-2.57068181
1032.32	0.00000000	0.00611463	-2.65985488
1032.75	0.00000000	0.00665916	-2.75017078
1033.17	0.00000000	0.00718229	-2.82795760
1033.60	0.02613031	0.00767627	-2.90395750
1034.02	0.07495770	0.00802927	-2.96352200
1034.45	0.09553849	0.00819483	-3.00176826
1034.87	0.10339035	0.00832234	-3.03920407
1035.30	0.10424860	0.00841413	-3.06020437
1035.72	0.09797065	0.00847243	-3.08723009
1036.14	0.08993243	0.00849950	-3.10953899
1036.57	0.06747162	0.00849761	-3.12517792
1036.99	0.03652695	0.00846902	-3.13805309
1037.42	0.02026230	0.00841598	-3.14328165
1037.84	0.01795146	0.00834074	-3.15355888
1038.27	0.02231299	0.00824560	-3.16009568
1038.69	0.02961959	0.00813274	-3.16386858
1039.11	0.03960096	0.00800453	-3.16780722
1039.54	0.04972374	0.00793317	-3.18363031
1039.96	0.03673776	0.00786014	-3.20352533
1040.39	0.00872695	0.00777286	-3.21870317
1040.81	0.01381174	0.00767048	-3.23599973
1041.23	0.04436161	0.00755219	-3.25248527
1041.66	0.05348343	0.00741710	-3.27108946
1042.08	0.04878220	0.00726445	-3.28595288
1042.51	0.05219885	0.00709335	-3.30293485
1042.93	0.03374068	0.00690303	-3.32301191
1043.35	0.00000000	0.00669256	-3.33837151
1043.78	0.00000000	0.00646120	-3.35780268
1044.20	0.00000000	0.00620808	-3.37251631
1044.63	0.00684376	0.00590950	-3.39423110
1045.05	0.04858118	0.00546528	-3.44540796
1045.47	0.02077603	0.00500290	-3.49089060
1045.90	0.00000000	0.00452679	-3.53458521
1046.32	0.01031664	0.00404163	-3.57551520
1046.74	0.06091426	0.00355167	-3.61172740
1047.17	0.11372750	0.00306175	-3.64419833
1047.59	0.13617774	0.00257626	-3.66804512
1048.02	0.11828574	0.00209988	-3.68229118
1048.44	0.10747353	0.00163686	-3.68888959
1048.86	0.12012664	0.00119202	-3.68491060
1049.29	0.09369086	0.00076975	-3.66840106
1049.71	0.02049771	0.00037469	-3.63838436
